{"qtype": "action_next_frame_mca", "scene": "./0013_840910", "seed": 2198245845, "question": "Given the current view and the action 'move_backward', which candidate view is the next most likely?", "choices": [{"frame": -1, "position": [0.7630404276399753, -5.299076877639976, 1.2063163350933168], "target": [-0.14442467362716693, -5.098718562862682, 0.8370418630785049], "render": {"width": 400, "height": 400, "focal": 160.0, "K": [[160.0, 0.0, 200.0], [0.0, 160.0, 200.0], [0.0, 0.0, 1.0]], "camtoworld": [[-0.21559660112440437, -0.36059006221097684, -0.9074650921924913, 0.7630404276399753], [-0.9764825167833803, 0.07961432025225923, 0.20035831277371138, -5.299076877639976], [0.0, 0.9293203683582186, -0.36927446832206723, 1.2063163350933168], [0.0, 0.0, 0.0, 1.0]]}}, {"frame": -1, "position": [0.5711597848387323, -5.107196234838733, 1.0783959065591548], "target": [-0.0684423642280988, -4.467594085771902, 0.6519944738479342], "render": {"width": 400, "height": 400, "focal": 160.0, "K": [[160.0, 0.0, 200.0], [0.0, 160.0, 200.0], [0.0, 0.0, 1.0]], "camtoworld": [[-0.7071067811865479, -0.3015113415626499, -0.6396021426708097, 0.5711597848387323], [-0.7071067811865471, 0.30151134156265025, 0.6396021426708104, -5.107196234838733], [0.0, 0.9045340246879509, -0.4264014284472064, 1.0783959065591548], [0.0, 0.0, 0.0, 1.0]]}}, {"frame": -1, "position": [0.7630404257211688, -5.2990768757211715, 1.2063163338141125], "target": [0.12343827665433771, -4.65947472665434, 0.7799149011028919], "render": {"width": 400, "height": 400, "focal": 160.0, "K": [[160.0, 0.0, 200.0], [0.0, 160.0, 200.0], [0.0, 0.0, 1.0]], "camtoworld": [[-0.7071067811865479, -0.3015113415626499, -0.6396021426708097, 0.7630404257211688], [-0.7071067811865471, 0.30151134156265025, 0.6396021426708104, -5.2990768757211715], [0.0, 0.9045340246879509, -0.4264014284472064, 1.2063163338141125], [0.0, 0.0, 0.0, 1.0]]}}], "answer": "C", "meta": {"current_frame": 0, "action": "move_backward", "true_next_frame": -1, "current_pos": [0.7630404276399753, -5.299076877639976, 1.2063163350933168], "current_target": [0.12343827857314393, -4.659474728573144, 0.7799149023820959], "current_up": [-0.30151134329211493, 0.30151134329211493, 0.9045340298763449], "current_render": {"width": 400, "height": 400, "focal": 160.0, "K": [[160.0, 0.0, 200.0], [0.0, 160.0, 200.0], [0.0, 0.0, 1.0]], "camtoworld": [[-0.7071067811865478, -0.3015113415626501, -0.6396021426708098, 0.7630404276399753], [-0.7071067811865474, 0.3015113415626503, 0.6396021426708103, -5.299076877639976], [0.0, 0.904534024687951, -0.4264014284472065, 1.2063163350933168], [0.0, 0.0, 0.0, 1.0]]}, "manipulator": {"applied": true, "step_translation": 0.3, "step_rotation_deg": 30.0}}}